INSERT INTO bed(bed_id, appointment_id, ward_bed_availability, ward_bed_charge, ward_id) VALUES
(1, 24, True, 15041, 3),
(2, 10, True, 13531, 3),
(3, 21, False, 19720, 8),
(4, 28, True, 8427, 2),
(5, 34, False, 15304, 10),
(6, 14, False, 18721, 6),
(7, 13, False, 7415, 10),
(8, 39, True, 13275, 8),
(9, 12, False, 17686, 9),
(10, 20, False, 7744, 7),
(11, 8, True, 9570, 9),
(12, 4, False, 14918, 3),
(13, 31, False, 5598, 7),
(14, 27, True, 14399, 1),
(15, 29, False, 19117, 10),
(16, 33, True, 18453, 9),
(17, 26, True, 11434, 2),
(18, 38, False, 15042, 4),
(19, 33, True, 9249, 9),
(20, 13, True, 9167, 4),
(21, 28, False, 15507, 4),
(22, 2, True, 13029, 10),
(23, 36, False, 11879, 3),
(24, 47, False, 15500, 2),
(25, 43, True, 6294, 5),
(26, 26, False, 15898, 4),
(27, 41, False, 11950, 2),
(28, 7, False, 17110, 10),
(29, 7, False, 12648, 4),
(30, 12, False, 15933, 6),
(31, 15, False, 5547, 5),
(32, 10, False, 6981, 6),
(33, 33, True, 15956, 8),
(34, 35, True, 9335, 4),
(35, 44, False, 15437, 10),
(36, 6, True, 17000, 2),
(37, 39, True, 8068, 1),
(38, 49, False, 18352, 1),
(39, 48, False, 6214, 3),
(40, 6, True, 12748, 1),
(41, 18, True, 18211, 5),
(42, 27, True, 15154, 10),
(43, 23, True, 7676, 3),
(44, 40, False, 7497, 4),
(45, 15, True, 8359, 4),
(46, 38, False, 13711, 5),
(47, 49, True, 11107, 4),
(48, 41, False, 16281, 6),
(49, 17, True, 12185, 3),
(50, 22, False, 12824, 4);

INSERT INTO bed(bed_id, appointment_id, ward_bed_availability, ward_bed_charge, ward_id) VALUES
(51, 32, True, 16233, 4),
(52, 23, False, 18758, 10),
(53, 41, False, 6531, 1),
(54, 21, True, 5691, 8),
(55, 32, False, 6282, 4),
(56, 49, True, 19077, 4),
(57, 18, True, 13311, 3),
(58, 40, False, 7932, 9),
(59, 3, False, 9897, 2),
(60, 22, False, 16714, 10),
(61, 28, True, 19634, 8),
(62, 1, True, 8100, 4),
(63, 44, True, 7196, 1),
(64, 6, True, 18320, 7),
(65, 31, False, 7554, 9),
(66, 47, True, 14279, 3),
(67, 50, False, 12886, 6),
(68, 42, True, 7288, 8),
(69, 48, False, 14091, 3),
(70, 11, True, 13396, 3),
(71, 34, False, 13389, 8),
(72, 24, False, 14513, 2),
(73, 6, True, 16568, 6),
(74, 8, True, 13170, 7),
(75, 16, True, 18466, 3),
(76, 18, True, 18457, 6),
(77, 11, False, 14399, 1),
(78, 22, False, 5427, 7),
(79, 40, False, 19292, 7),
(80, 38, True, 7205, 2),
(81, 33, True, 8691, 5),
(82, 24, False, 19817, 10),
(83, 8, True, 18970, 3),
(84, 2, True, 18180, 5),
(85, 49, True, 6866, 4),
(86, 45, True, 11228, 6),
(87, 4, True, 7005, 9),
(88, 12, True, 19954, 9),
(89, 49, True, 5131, 8),
(90, 16, True, 19837, 6),
(91, 12, False, 6874, 8),
(92, 30, False, 17367, 7),
(93, 24, True, 16857, 3),
(94, 11, False, 17033, 10),
(95, 37, True, 16538, 5),
(96, 22, False, 12387, 8),
(97, 45, True, 16137, 9),
(98, 6, False, 11416, 1),
(99, 46, True, 16201, 7),
(100, 39, True, 13714, 2);